UUNITS = MILS
U14                   2267.00       2480.00       90    TSSOP16_THERMPAD    
C102                  2322.00       2070.00      270    0603                
C103                  2257.00       2070.00      270    0603                
C75                   1835.00        710.00      180    0603                
C76                   1835.00        775.00      180    0603                
C113                  3998.00       2559.00      180    0603                
C121                  2497.00       2620.00       90    0603                
C115                  4459.00       2536.00      270    0603                
C117                  2352.00       2680.00        0    0603                
C123                  2823.00       2523.00        0    0603                
C88                   3838.00       2559.00        0    0603                
C134                  4539.00       2559.00        0    0603                
C82                   1720.00        550.00      270    0603                
C89                   2482.00       1955.00        0    0603                
C83                   1785.00        550.00      270    0603                
C93                   2482.00       2020.00        0    0603                
C85                   4299.00       2533.00       90    0603                
C86                   1710.00        900.00       90    0603                
C91                   2132.00       1940.00      180    0603                
L11                   2880.00        600.00      270    0805                
L13                   1940.00        710.00      180    0603                
L14                   1940.00        775.00      180    0603                
L19                   2257.00       2175.00      270    0603                
L20                   2322.00       2175.00      270    0603                
L28                   4459.00       2654.00      270    0805                
L33                   2794.00       2619.00      270    0805                
L29                   3918.00       2434.00      270    0603                
L30                   2432.00       2555.00      270    0603                
L31                   4379.00       2559.00        0    0603                
R32                   810.00        1715.00      180  m 0603                
R45                   810.00        1780.00      180  m 0603                
R39                   1720.00        445.00      270    0603                
R43                   2587.00       1955.00        0    0603                
R60                   3000.00       2629.00      270    0603                
R63                   4720.00       2533.00       90    0603                
R72                   2432.00       2660.00       90    0603                
R74                   3918.00       2535.00       90    0603                
R73                   2819.00       2715.00        0    0603                
U11                   4350.00        520.00      180    PLF6                
U16                   2642.00       2670.00        0    SOT89               
U18                   4159.00       2637.00        0    SOT89               
TP8                   740.00        2020.00        0    TP_35MIL_SMT        
C16                   988.00        1350.00       90    POLCAP_TANT_1206    
C21                   695.00         350.00      270    POLCAP_TANT_1206    
C22                   295.00         350.00      270    POLCAP_TANT_1206    
C23                   805.00         350.00      270    POLCAP_TANT_1206    
C26                   1115.00        350.00      270    POLCAP_TANT_1206    
C28                   670.00        2620.00       90    POLCAP_TANT_1206    
C29                   1095.00       2720.00       90    POLCAP_TANT_1206    
C30                   560.00        2620.00       90    POLCAP_TANT_1206    
C33                   250.00        2620.00       90    POLCAP_TANT_1206    
F1                    3510.00        430.00      180    FIL_COMBO_SMT       
F2                    3402.00       2298.00      180    FIL_COMBO_SMT       
S1                    80.00           80.00        0    RNRF_SHIELD         
U3                    495.00         335.00      180    SOT223              
U6                    885.00        2635.00        0    SOT223              
MH1                   0.00          3000.00        0    MHOLE_125MIL_THRU   
MH3                   5200.00       3000.00        0    MHOLE_125MIL_THRU   
MH7                   0.00             0.00        0    MHOLE_125MIL_THRU   
MH9                   5200.00          0.00        0    MHOLE_125MIL_THRU   
TP1                   275.00        1635.00        0    TP_40MIL_THRU       
TP2                   175.00        1635.00        0    TP_40MIL_THRU       
TP3                   275.00        1485.00        0    TP_40MIL_THRU       
TP4                   175.00        1485.00        0    TP_40MIL_THRU       
TP5                   275.00        1335.00        0    TP_40MIL_THRU       
TP6                   175.00        1335.00        0    TP_40MIL_THRU       
TP7                   275.00        1140.00        0    TP_40MIL_THRU       
U13                   1965.00        475.00        0    SOT23-5             
C10                   695.00         525.00      270    0805                
C17                   1180.00       2545.00       90    0805                
C2                    1083.00       1158.00       90    0805                
C24                   670.00        2445.00       90    0805                
C5                    210.00         525.00      270    0805                
C68                   1835.00        630.00      180  m 0805                
C96                   2397.00       2075.00      270  m 0805                
C126                  4510.00       2836.00       90    0603                
C100                  2493.00       1920.00      180  m 0603                
C101                  2328.00       2070.00      270  m 0603                
C71                   1835.00        710.00      180  m 0603                
C72                   1835.00        775.00      180  m 0603                
C73                   1740.00        550.00       90  m 0603                
C81                   1625.00        900.00       90    0603                
C92                   2132.00       1875.00      180    0603                
C99                   2189.00       2068.00      270  m 0603                
C105                  2482.00       1890.00        0    0603                
C39                   1650.00        550.00      270    0603                
C11                   210.00         660.00       90    0603                
C120                  4135.00        240.00        0    0603                
C13                   405.00         590.00       90    0603                
C132                  4449.00       2836.00       90    0603                
C15                   695.00         660.00       90    0603                
C18                   910.00         525.00       90    0603                
C20                   1180.00       2410.00      270    0603                
C25                   975.00        2380.00      270    0603                
C27                   670.00        2310.00      270    0603                
C31                   455.00        2445.00      270    0603                
C32                   755.00        1270.00       90  m 0603                
C35                   795.00        1745.00      180    0603                
C38                   2260.00        815.00        0  m 0603                
C40                   2360.00        605.00        0  m 0603                
C42                   2155.00        605.00      180  m 0603                
C52                   2470.00        500.00      270    0603                
C53                   2395.00        980.00       90    0603                
C54                   2020.00        350.00        0    0603                
C55                   1850.00        500.00      270    0603                
C56                   2080.00        500.00      270    0603                
C61                   2985.00        455.00        0    0603                
C62                   2420.00       2310.00      180  m 0603                
C63                   2276.00       2701.00      180  m 0603                
C78                   2460.00        980.00       90    0603                
C84                   2405.00        500.00      270    0603                
C107                  2337.00       2228.00       90  m 0603                
C108                  2277.00       2609.00      180  m 0603                
C119                  3955.00        370.00      180    0603                
C12                   1095.00       2410.00      270    0603                
C14                   560.00        2310.00      270    0603                
C7                    295.00         660.00       90    0603                
C74                   2960.00        530.00        0    0603                
C8                    805.00         660.00       90    0603                
C109                  1690.00       2230.00      270    0603                
C111                  1690.00       2670.00       90    0603                
C127                  1485.00        695.00        0    0603                
C80                   915.00        1715.00      180  m 0603                
C94                   915.00        1780.00      180  m 0603                
C95                   2322.00       1710.00       90    0603                
C118                  4557.00       2686.00        0    0603                
C106                  2402.00       2260.00      270    0603                
C116                  2212.00       2720.00       90    0603                
C122                  2963.00       2747.00       90    0603                
C69                   1835.00        840.00      180  m 0603                
C70                   1680.00        550.00       90  m 0603                
C97                   2493.00       1985.00      180  m 0603                
C98                   2254.00       2068.00      270  m 0603                
C112                  1970.00       2670.00       90    0805                
C125                  1970.00       2230.00      270    0805                
C64                   2260.00        875.00        0  m 0603                
C65                   2360.00        665.00        0  m 0603                
C66                   2155.00        665.00      180  m 0603                
C128                  2725.00        730.00        0    0603                
C129                  2860.00        685.00        0    0603                
C130                  3080.00        615.00        0    0603                
C131                  2341.00        500.00       90    0603                
C136                  4660.00        520.00      180    0603                
C114                  2901.00       2747.00      270    0603                
C67                   2272.00       2720.00      270    0603                
C60                   4055.00        520.00      180    0603                
C44                   2390.00        395.00        0    0603                
C48                   2380.00       1080.00        0    0603                
C135                  355.00        2445.00      270    0603                
C58                   495.00         590.00       90    0603                
C59                   1010.00        525.00       90    0603                
C79                   885.00        2380.00      270    0603                
C45                   2480.00        340.00       90    0603                
C49                   2470.00       1135.00      270    0603                
C46                   2670.00        510.00       90    0805                
C50                   2660.00        965.00      270    0805                
C47                   2670.00        350.00      270    0805                
C51                   2660.00       1125.00       90    0805                
C133                  4324.00       2818.00      180    1206                
C104                  2506.00       2457.00      180  m 1206                
C110                  2413.00       2685.00       90  m 1206                
C124                  3048.00       2791.00       90    1206                
C77                   1440.00        790.00        0    1206                
C90                   2182.00       1710.00        0    1206                
J1                    515.79        1499.91      270  m 8MM_DUAL_SMT_FEMALE 
J3                    5150.00       2558.29        0    SMA-RA              
J4                    5150.00        520.00        0    SMA-RA              
L10                   2560.00       1105.00      270    1206                
L8                    2570.00        370.00       90    1206                
L34                   4045.00        400.00      270    0805                
L12                   2880.00        395.00      270    1210                
L35                   3995.00        240.00      180    1210                
L15                   1835.00        645.00      180    0603                
L16                   1835.00        840.00      180    0603                
L17                   2387.00       2070.00      270    0603                
L18                   2192.00       2070.00      270    0603                
L2                    295.00         525.00      270    0805                
L3                    805.00         525.00      270    0805                
L4                    1095.00       2545.00       90    0805                
L5                    560.00        2445.00       90    0805                
L21                   1825.00       2285.00        0    1206                
L22                   1825.00       2175.00        0    1206                
L23                   1825.00       2615.00        0    1206                
L24                   1825.00       2725.00        0    1206                
L7                    2275.00        345.00      270    1206                
L9                    2265.00       1135.00       90    1206                
R10                   835.00        1570.00        0  m 0603                
R9                    835.00        1505.00        0  m 0603                
R1                    973.00        1205.00        0    0603                
R2                    973.00        1135.00        0    0603                
R16                   2275.00        500.00      270    0603                
R20                   2265.00        980.00       90    0603                
R17                   2390.00        315.00        0    0603                
R18                   2570.00        520.00       90    0603                
R21                   2380.00       1160.00        0    0603                
R22                   2560.00        955.00      270    0603                
R19                   2745.00        510.00      270    0603                
R23                   2735.00        965.00       90    0603                
R24                   2200.00        980.00      270    0603                
R25                   2135.00        980.00      270    0603                
R26                   2210.00        500.00       90    0603                
R27                   2145.00        500.00       90    0603                
R29                   2805.00        755.00      270    0603                
R31                   2030.00        740.00       90    0603                
R47                   2292.00       2265.00      180    0603                
R65                   3955.00        545.00      315    0603                
R76                   3186.00        628.00       45    0603                
R58                   2937.00       2540.00      225    0603                
R70                   3730.00       2582.00      315    0603                
R79                   3080.00       2609.00        0    0603                
R28                   2330.00        980.00       90    0603                
R49                   1480.00       2195.00        0    0603                
R53                   1480.00       2635.00        0    0603                
R61                   4640.00       2559.00        0    0603                
R62                   4800.00       2560.00        0    0603                
R68                   2585.00        730.00        0    0603                
R3                    993.00        1685.00        0    0603                
R4                    993.00        1620.00        0    0603                
R5                    993.00        1555.00        0    0603                
R6                    993.00        1490.00        0    0603                
R7                    995.00        1405.00      180  m 0603                
R8                    435.00        1300.00      270    0603                
R33                   1910.00        350.00        0    0603                
R34                   1560.00        900.00       90    0603                
R44                   2132.00       1810.00      180    0603                
R35                   1735.00        725.00      270  m 0603                
R42                   2307.00       1963.00        0  m 0603                
R36                   1965.00        475.00      270  m 0603                
R37                   875.00        1645.00        0  m 0603                
R46                   1015.00       1750.00       90  m 0603                
R38                   2020.00        285.00        0    0603                
R48                   1590.00       2265.00      180    0603                
R50                   1590.00       2195.00      180    0603                
R52                   1590.00       2635.00      180    0603                
R54                   1590.00       2705.00      180    0603                
R51                   2045.00       2230.00       90    0603                
R55                   2045.00       2670.00      270    0603                
R75                   3185.00        590.00      135    0603                
R78                   3957.00        507.00       45    0603                
R57                   3730.00       2543.00       45    0603                
R59                   2932.00       2505.00      135    0603                
R77                   3125.00       2218.00        0    0603                
R71                   2967.00       2401.00        0    0603                
R30                   2361.00        870.00      180  m 0603                
R64                   3830.00        365.00       90    0603                
R67                   2655.00        755.00      270    0603                
R66                   3810.00        730.00       90    0603                
R69                   2515.00        755.00      270    0603                
U10                   2980.00        650.00        0    SOT363              
U12                   1660.00        725.00      180    CP-24-2             
U15                   2307.00       1895.00      270    CP-24-2             
U2                    753.00        1220.00        0    SOIC8               
U4                    753.00        1560.00        0    TSSOP20             
U5                    960.00         350.00      270    SOT25               
U7                    405.00        2620.00       90    SOT25               
U9                    2280.00        740.00       90    TSSOP28             
